0.518211	-0.398663	-0.707945	0.335634	0.414552	0.514989	0.298419	0.144239	-0.780465	-0.797798	-0.752610	-0.723097	0.588855	0.534201	0.476649	0.206566	0.614570	0.722969	0.664977	0.717160	0.642346	0.603019	0.600608	0.607587	0.553643	0.348923	0.316792	0.544407	0.541346	0.202962	0.394985	0.583629	0.561250	0.545196	0.524445	0.563820	-0.709922	0.569667	0.650248	0.233025	-0.717073	-0.720945	-0.761597	0.436424	0.582119	0.565225	0.378558	0.249786	0.677182	1.048617	0.643741	0.229779	0.228542	0.209292	0.132097	0.224627	-0.297059	-0.698920	-0.340553	0.535601	
4.168766	3.669444	4.787219	4.680907	4.234814	5.047766	4.622480	3.892551	0.521676	0.179547	-0.758181	0.555404	0.488447	0.736931	0.774611	0.755177	0.712552	0.721531	0.653689	0.465722	-0.718754	2.752805	3.688552	4.091332	4.114028	3.532346	3.755067	-0.694410	-0.696856	-0.707547	0.603379	0.732373	0.763384	0.547500	0.603432	0.593899	0.573306	0.617797	0.645016	0.678869	0.273418	-0.651851	0.576295	1.735240	2.248423	2.639705	1.110391	0.706982	0.734113	0.707219	0.646938	0.259780	0.533838	0.570007	0.524959	2.093095	2.546822	2.321287	3.107235	3.511874	
4.054934	0.542051	2.605963	-0.792006	3.155251	3.305457	3.617719	3.653963	4.882372	4.247581	0.538796	0.547147	0.888208	0.827811	4.552250	4.734059	5.220686	4.329355	3.777614	4.057811	4.871243	4.291542	4.008945	3.739034	3.799080	3.812095	3.122454	3.272817	3.558946	2.181961	2.155409	0.800500	2.555176	2.607158	2.741033	2.243479	-0.658337	0.526300	0.721924	0.664123	0.662760	0.589536	-0.590559	1.575665	2.667138	2.607843	2.064203	0.543959	0.536856	3.246560	3.175775	2.526698	2.700425	2.680146	2.631544	2.553709	2.564993	2.608659	2.654737	2.611477	
-1.184207	2.601547	2.777863	2.751652	2.690521	4.635880	4.367187	4.277194	4.835234	0.513558	1.192931	0.590040	0.828542	0.561329	0.694933	0.632202	3.181671	3.898239	4.382244	3.919806	4.176401	3.073948	2.759274	3.768944	2.838465	3.168251	4.225764	5.352475	5.150170	5.042598	4.575027	4.031901	1.590774	-0.485786	-0.568829	-0.603749	-0.618350	-0.493161	0.705243	0.624564	0.593241	0.541822	-0.473846	-0.454695	0.517509	0.528071	4.717508	3.698672	3.771443	3.094923	1.887748	2.241065	1.757757	0.000000	0.000000	0.000000	1.406431	1.387433	2.211704	2.195538	
2.309193	2.258238	3.038144	1.670657	1.204803	1.888939	4.232765	4.261552	-0.752314	0.555891	0.626557	0.735351	4.696265	4.392958	4.302692	3.839187	4.581233	4.118794	4.158800	2.546755	2.539118	3.052678	2.750652	3.033047	3.169335	4.198034	4.252317	0.000000	-0.172625	3.869110	0.000000	2.575462	3.003857	2.687388	-0.568111	-0.637277	-0.611297	0.675143	0.666169	0.715097	0.560250	0.290838	-0.489126	-0.467818	1.717687	0.511419	3.248551	2.754073	2.568132	2.558613	1.837507	1.842330	1.757449	0.000000	0.000000	0.000000	0.000000	0.179520	3.856544	3.922533	
-1.997215	0.000000	1.241110	2.237032	1.259176	1.524283	2.039256	4.734097	4.680534	4.318837	0.558613	0.741471	4.616548	4.258399	4.168232	4.223633	3.815330	2.712890	4.109254	4.047460	2.587442	2.564826	0.913791	1.220612	0.201329	0.926159	3.239159	1.193689	1.609538	1.593694	1.642234	2.810435	3.066622	3.589583	3.805467	3.914677	1.001616	2.558562	1.052269	-0.490953	0.153255	0.598806	1.399560	1.632042	1.764735	2.680195	2.612809	1.880288	2.749940	3.060654	2.758987	2.567713	1.786216	0.000000	0.000000	0.000000	0.000000	1.254007	1.182450	-1.233366	
0.145700	3.772146	3.899341	0.000000	0.000000	1.180217	1.445962	4.811677	4.855610	4.165731	0.578744	0.598978	4.242086	4.482833	4.683573	4.244184	2.082088	0.457201	4.223904	4.061300	3.898822	-1.691808	-1.277053	0.865329	-0.898108	-0.888193	-0.384003	2.472250	1.813770	1.688804	2.006406	3.139478	2.808744	3.720262	3.598306	3.703702	0.769520	2.338452	2.165100	4.207432	1.127690	0.032745	-0.470071	-0.486470	2.187620	3.193297	2.808917	3.094037	3.205734	3.155661	3.008679	2.984520	0.000000	0.000000	0.000000	0.000000	1.361330	1.522153	4.931201	1.551106	
0.633553	-1.391161	0.000000	0.000000	0.000000	1.289552	0.000000	1.570445	3.788387	4.048821	0.561356	0.579957	3.849002	4.431033	4.490759	2.115856	2.217275	4.401185	4.370835	3.095013	-0.265536	-1.835140	-1.781790	0.848238	0.735746	2.586647	2.318196	3.879169	0.000000	0.000000	-0.650111	3.237217	3.177593	3.131583	3.621261	3.656849	5.017674	5.677453	5.630154	5.371187	1.200453	-0.413175	-0.466378	-0.461243	2.231661	2.904474	3.149730	0.000000	2.250628	2.786936	3.202890	3.003659	1.191837	0.000000	0.000000	0.362616	4.947290	5.280167	5.325886	1.577586	
-0.881192	-1.160887	0.000000	2.012714	0.000000	1.721807	0.000000	1.600496	3.764958	1.163924	0.695740	3.980433	4.164411	4.234492	3.807439	2.517998	4.199934	4.586112	0.000000	1.916433	3.680269	3.537321	0.567902	1.806989	2.686895	2.530291	2.082826	3.867579	2.199483	0.000000	0.254730	3.569715	3.486087	3.322986	3.168864	4.224664	4.645120	5.752178	4.874246	5.638107	1.130789	1.224261	-0.476328	-0.451483	2.040195	2.247670	3.292791	0.000000	0.000000	0.000000	0.000000	2.801803	3.209122	0.000000	0.000000	0.945220	5.159979	5.204824	5.016226	-1.635930	
0.390556	0.257257	0.000000	0.000000	0.000000	0.000000	0.000000	1.624718	4.024296	4.071321	0.761644	0.075327	-0.477656	4.202988	4.157407	3.270203	4.635663	2.408981	2.848057	2.820406	3.569848	3.620774	0.912644	1.003503	2.203694	1.591126	2.146883	2.147597	4.381466	1.701018	1.629243	2.460622	2.755222	0.531564	1.118226	1.847430	4.293065	5.013004	4.815506	4.771984	0.011199	2.181948	0.302284	-0.418464	-0.377140	2.364487	3.606398	0.000000	0.000000	0.000000	0.000000	0.000000	2.385170	2.763716	0.000000	0.264024	4.629928	1.558146	-0.220821	-1.732033	
0.565767	-0.128418	-1.994175	0.000000	0.000000	0.000000	1.727481	1.811046	4.177689	4.199646	1.377096	0.053455	2.053152	2.103627	2.707551	3.099474	4.750418	2.199049	2.660986	0.000000	3.116220	0.000000	-0.200756	4.247945	4.341887	3.757807	4.871791	4.795541	4.595588	2.081812	-0.778023	0.531545	0.539283	0.585274	1.130920	4.069733	4.896306	4.336559	4.857095	1.900636	0.031726	2.022659	2.026318	-0.425177	-0.419820	3.228441	3.788904	3.868268	0.000000	0.000000	0.000000	0.000000	-0.621217	0.000000	0.000000	-1.437461	-1.770629	-1.829364	-1.221454	-1.113786	
4.099502	0.930715	4.059973	2.641106	1.516639	1.529150	1.354083	1.758103	2.677132	3.125170	0.596789	3.567331	3.622521	3.670832	3.003188	-1.462098	2.836248	3.248184	3.224963	0.000000	0.000000	0.964700	4.296741	4.268064	4.014001	4.620214	4.854400	4.764926	0.378739	0.522737	0.518997	1.205189	2.563471	3.706900	4.038083	4.026402	4.686435	4.200603	4.886931	2.806276	-0.147056	-0.159003	-0.124633	-0.305104	2.260343	3.672685	3.316823	0.000000	0.000000	0.000000	0.000000	0.000000	0.000000	0.000000	0.000000	0.261545	-0.879695	-0.296875	-1.320730	1.374489	
3.569190	3.231607	4.482295	2.617035	1.383610	1.525670	1.525098	1.672548	4.515199	4.089846	0.607047	0.762260	3.653488	2.524986	5.071413	0.315028	3.352673	3.643303	4.149073	0.000000	0.000000	2.854933	4.520259	1.340723	2.409462	2.675915	4.139219	2.388198	0.459958	3.378528	3.426008	3.645421	3.175513	4.140272	4.126704	4.075697	4.602040	4.707049	3.533949	5.133114	4.983018	4.963853	3.437550	-0.265591	-0.327540	-0.364205	4.378371	4.281013	0.000000	0.000000	0.000000	0.000000	0.000000	0.000000	0.108389	2.713993	3.439674	-0.274941	1.501191	1.206284	
1.519397	3.180104	4.248745	3.840288	1.834489	1.217337	0.627635	0.000000	1.562260	3.598106	0.664898	3.718613	3.817567	5.811874	2.268525	3.457226	3.506052	3.885075	4.065947	0.000000	2.460642	4.705503	5.085333	2.049438	2.694765	2.812610	0.442179	1.291710	3.871579	2.709000	0.763979	1.172880	0.000000	0.000000	2.212224	2.724244	2.700724	3.919332	3.145246	4.668869	4.636494	4.238132	4.180831	3.606927	-0.245032	-0.288566	-0.400778	3.375674	0.000000	2.187995	0.000000	0.000000	0.000000	0.000000	-1.274713	0.437951	3.122277	0.000000	1.849202	2.963085	
3.025419	3.089279	3.316129	3.267472	1.143596	-1.254575	0.000000	0.000000	-0.383883	4.942486	4.901162	1.099533	4.063441	4.009372	4.809296	4.410183	3.514110	3.701015	4.423438	-2.164817	1.661234	5.212827	1.598955	2.222233	2.653536	2.748739	3.071753	3.129850	2.091856	0.000000	3.121352	3.266626	4.062812	4.070114	0.000000	0.000000	2.419526	3.299366	3.336741	4.104325	4.735343	4.441752	4.392741	-0.243973	-0.246309	-0.404300	-0.501546	-0.903427	0.000000	0.000000	0.000000	0.000000	0.000000	0.833401	3.537131	0.000000	2.746060	2.764697	1.793357	3.525033	
3.315986	4.586451	2.907436	0.691859	1.789849	2.164273	2.221298	3.616778	2.124271	3.850480	4.088463	3.985032	4.191827	3.483526	4.823860	4.392969	4.156696	1.868494	4.727001	4.794266	0.891447	5.505260	1.637767	2.327281	3.190861	0.876132	2.766820	2.766479	5.964168	5.360166	4.110642	3.647651	5.167627	5.117977	5.001011	4.419493	3.415515	2.177080	2.723988	3.837210	4.378734	4.233763	3.830089	0.869612	-0.389940	-0.377149	2.768450	2.317105	3.684106	0.000000	0.000000	0.000000	1.089329	1.093094	4.532885	0.000000	1.816991	2.764323	1.718387	0.000000	
3.269353	2.232003	0.612440	1.952754	1.950528	3.558208	0.000000	3.550756	2.693258	3.473860	0.800717	3.164962	3.814251	5.023270	4.883306	3.985127	3.059939	1.015042	3.201137	3.124529	0.991370	5.168842	1.977607	3.218040	2.193316	3.193030	3.128903	5.500521	6.592895	6.728533	0.000000	0.000000	0.000000	4.803338	5.215976	0.000000	3.661038	3.667079	1.948944	3.986136	4.435980	3.892041	3.992624	5.037874	1.167967	-0.393040	0.519433	1.654161	5.399261	0.000000	0.000000	0.000000	0.000000	0.000000	4.566118	4.807100	1.285922	2.235668	2.677345	3.024689	
2.546293	2.511102	1.632698	3.587090	0.000000	1.943251	1.302603	3.298669	3.981122	4.435622	0.861354	3.591132	4.135360	5.279203	0.338054	4.691155	4.851422	0.185754	1.844607	1.067371	4.758196	5.163049	3.776437	3.569433	2.167875	3.413182	6.380176	6.210855	0.000000	6.351173	0.000000	0.000000	0.000000	4.015699	3.788984	0.000000	3.691465	4.380977	0.000000	3.353868	2.883885	3.563453	3.980019	3.953177	2.690738	4.747891	5.612312	5.677617	2.638741	0.000000	0.000000	0.000000	0.283163	0.679908	2.907809	4.342160	0.000000	4.156833	4.957152	2.865695	
1.762612	2.196918	1.763031	3.249802	3.172989	3.818907	2.017545	3.858691	3.926168	2.803522	0.861009	2.715096	2.639340	4.776877	0.000000	4.811530	4.803932	4.181200	4.577415	3.692064	1.651829	2.165879	2.149736	2.115768	3.186795	3.393852	5.709175	6.400373	0.000000	0.000000	0.000000	0.000000	0.000000	0.000000	0.000000	0.000000	0.000000	3.973689	0.000000	2.775734	3.808141	3.512367	3.553486	4.093565	3.608879	-0.516754	5.428517	5.109913	5.011760	4.009629	0.000000	4.085936	4.083195	-0.315598	1.736411	5.273204	5.044799	4.117380	4.441867	3.169750	
0.696722	0.608553	1.803726	2.508906	2.843039	4.252622	2.252179	3.780907	3.869913	1.112346	0.905624	2.560179	0.750844	0.755862	2.585988	4.694852	1.413958	4.547244	4.139307	4.086409	0.476025	1.104254	2.003054	0.405226	3.715778	2.854631	5.635007	0.000000	0.000000	0.000000	0.000000	0.000000	0.000000	0.000000	0.000000	0.000000	0.000000	0.000000	0.000000	2.628034	3.910192	3.556996	3.777798	3.745994	4.716402	-0.488922	5.633895	0.000000	0.000000	0.000000	0.000000	0.000000	3.861799	3.578590	-0.444617	5.186246	5.001975	0.000000	4.018013	2.264168	
